# Created by Octave 4.0.0, Thu Feb 18 23:06:58 2016 Horário brasileiro de verão <unknown@ricardo-pc>
# name: initial_Theta2
# type: matrix
# rows: 10
# columns: 26
 0.006387439750359575 0.05290887253066531 0.07332140976094634 -0.1061863416619709 0.03807331243375209 -0.04634588515961297 0.0811113684190724 0.1074300772826668 -0.1183907587133304 -0.00032310384654477 -0.05229511533800829 0.07273230284853879 -0.01720281823498944 -0.1185373477221666 -0.01404641110173498 0.01240765524383713 -0.01651616838131527 0.09207889741955949 0.06210690291300527 -0.04666622484897776 -0.05545193890772061 -0.06434457434584884 -0.04133505081882403 0.1185432661199148 0.09461211172544418 0.0003165665326404776
 0.06241771359785594 0.02339488421065131 0.007727642486299924 0.07412246269103601 -0.1107195127439967 -0.03712547050627461 0.02655583070857401 0.009681891221160505 -0.100987579856029 0.01759361180658173 -0.02577355278767694 0.07551745985705999 0.04959407511852801 0.07414145699061045 -0.03662145146205519 0.08281315013752893 0.0916955576240345 -0.09934692556740274 -0.002096170265070779 0.1122930074651494 0.1053358734053707 0.09560060546629515 -0.05814199187329553 -0.03948867555556408 0.1145325007133311 -0.03505145729759916
 -0.07358608432176018 -0.01449512386469633 -0.1015382606263527 -0.05467911394067546 -0.03533646938532566 -0.09802095056055529 0.01376298027333836 -0.09052019008208413 -0.03698271062483847 -0.06819363196639686 -0.03614336881231063 -0.1169043766254405 -0.05962942568797371 -0.07771563928328841 -0.0327675261582244 -0.1062232211840616 0.09336381252454182 0.02025469582972741 -0.005166364416542293 -0.05477178229967898 0.08000453079460193 -0.01896126327580325 -0.0666810965106568 0.04758571208700205 0.005111746494911779 -0.06967487922624657
 0.08348914938484922 -0.1161472598545535 0.06101639475317472 0.06066144825923264 0.02274550602100525 -0.06945878170980968 -0.02894390444869747 -0.06240850352139302 0.005688899741340764 -0.005883550720979028 0.00357951835563125 -0.06520731607537626 -0.08236461667712014 -0.09408970125834384 -0.1130893218541452 -0.03835323414240867 -0.08703984449526406 -0.06750860200055603 0.06482931731195599 -0.04218509748625245 -0.008245145884333435 0.04053742672192368 0.05897550657072032 0.01940152874812789 -0.05270355957984378 0.01090396071326058
 0.006076266772437028 -0.002037777446646405 0.1045688446313799 -0.0910888966910087 0.004330500278578661 0.08806504177756533 -0.01850292773265967 0.08712410116197664 -0.009121291755602126 0.0361686553966816 0.01215274183278767 -0.1071991275938513 0.05365306960311 -0.05907928894063379 0.03321592856194788 0.02738603075652105 -0.1177699530453454 0.0537624669724753 0.07022179651831262 -0.0514647624710164 0.08144012619052335 0.0425415221459774 0.06260122281481678 -0.05326016478947562 0.02980697654943065 -0.09095871725325191
 0.1000110605478421 0.06722490358455124 -0.08765023820960488 -0.1008114910627764 0.07468027157686874 0.03282106962996395 0.04501657891626062 0.04204893729549233 0.04826620865858319 -0.05520729470900626 -0.00911420899180336 0.1044194718623162 0.05485048819569155 -0.06844235629318973 0.09751188166676603 -0.04293542772407495 0.03530646885532379 -0.015655785776963 -0.05015305815731032 -0.02906538788833501 0.1025875801220706 0.05412050177258793 -0.06908087578670893 0.1073379239979262 0.01849598031741584 0.02507325260437632
 0.1140522110515668 -0.04978180266420242 -0.05999744620751176 -0.03590119257307954 -0.0581894191608486 -0.04613068203828639 -0.04950074475541277 -0.07140612459907193 -0.03283898524058781 0.09442523509639084 0.04542497085885028 -0.009459308433870481 0.1021150980823179 0.002736362167948078 0.09442016480550713 0.08490135058126227 0.1042660275948293 0.02640202874319775 0.05166053621797742 0.0887569219735187 -0.08126384893890523 -0.04419742095074754 -0.105162774564577 0.0609962012205881 0.1180288535278539 0.06883862783793598
 0.08260665948932397 -0.07784543006444483 -0.1043498838617071 -0.00255639814133006 -0.05020542959289896 -0.06336764878081061 0.04022451992472603 0.06500219004804544 -0.08479550146123549 0.08845010611676285 0.08501938169512618 0.06026852442647024 -0.1076077432918683 0.0485379961188723 -0.03633260245809188 0.0967598050242745 -0.06032432072706611 -0.101589617945623 0.05186844792553208 0.0135373145589589 0.04152626964477563 -0.01915864015375145 -0.1068596970670724 -0.01792851319467086 0.1192552980154211 -0.1077684863225966
 0.08816210434893698 -0.1120552484071883 -0.01267682061223963 0.07756485629849283 0.09360339006902105 -0.07254267912728835 0.03323121113025698 -0.06661023990159794 0.1160839055542742 -0.1002791581207643 0.02082127758834476 0.07844956638552678 -0.0549807943759564 0.1160234070725295 -0.0957439325783043 -0.03608866543322407 -0.06407319822101411 0.07192923073949634 -0.09595263457799233 0.05901696777710144 0.1120652536916381 0.08363581628843345 -0.002022131344530387 -0.1171604831835159 -0.02745216748322707 -0.01084145540782917
 0.07087460470137644 -0.02336496419856333 0.1018646523341944 0.08057739680964257 -0.08286656350033614 -0.02773704845605597 0.04162968774377743 -0.06004379501322386 -0.02547549413896757 0.1157671062297375 -0.02869531546509228 0.02733397611063312 0.04511656322844745 0.0442624394253549 -0.06298927462354892 -0.09069700705550754 0.008619563495050608 0.05147403493398817 0.01925303046782981 -0.006094786369835112 -0.09498024496726119 0.01126718390021469 -0.02458053924921914 0.1093659864318832 0.1106358200878372 -0.05234006016466893



